1 0.621905 0.088147 0.033008 0.017254
1 0.385971 0.095649 0.077269 0.020255
1 0.455739 0.092273 0.051763 0.019505
1 0.521005 0.091148 0.069767 0.018755
1 0.579895 0.089272 0.04051 0.016504
1 0.660915 0.087397 0.033008 0.018755
1 0.437359 0.115529 0.033008 0.019505
1 0.502626 0.112528 0.090023 0.024006
1 0.576144 0.109902 0.052513 0.018755
1 0.483121 0.136534 0.051013 0.021005
1 0.568267 0.133533 0.032258 0.016504
0 0.420105 0.186047 0.031508 0.021005
0 0.45949 0.184546 0.03976 0.021005
0 0.5015 0.182296 0.032258 0.019505
0 0.573518 0.179295 0.099775 0.022506
0 0.420105 0.210053 0.031508 0.019505
0 0.459865 0.207427 0.042011 0.020255
0 0.501125 0.205551 0.034509 0.019505
0 0.574644 0.202176 0.099025 0.021755
0 0.568267 0.225056 0.030758 0.021005
0 0.60165 0.223556 0.025506 0.019505
0 0.654164 0.221305 0.073518 0.021005
0 0.702926 0.219805 0.013503 0.021005
0 0.343961 0.234059 0.020255 0.019505
0 0.397224 0.232558 0.077269 0.021005
0 0.43961 0.254314 0.015004 0.019505
0 0.568267 0.247937 0.030758 0.020255
0 0.60165 0.246812 0.025506 0.019505
0 0.655289 0.245311 0.075769 0.024006
0 0.35859 0.257314 0.051013 0.019505
0 0.406602 0.256189 0.04051 0.018755
0 0.605776 0.294074 0.051763 0.021005
0 0.673668 0.291823 0.072018 0.022506
0 0.358215 0.302326 0.050263 0.021005
0 0.429482 0.300075 0.072768 0.019505
2 0.445236 0.323331 0.023256 0.019505
2 0.475994 0.32183 0.035259 0.021005
2 0.509752 0.319955 0.023256 0.020255
0 0.565266 0.31883 0.077269 0.021005
0 0.495874 0.366467 0.033008 0.018755
0 0.528507 0.365716 0.024756 0.020255
0 0.339835 0.392723 0.016504 0.018755
0 0.385596 0.391973 0.051013 0.020255
0 0.427232 0.391973 0.024756 0.020255
0 0.462866 0.391223 0.043511 0.020255
0 0.515004 0.390098 0.053263 0.021005
0 0.650413 0.385972 0.045011 0.021755
0 0.381095 0.415229 0.043511 0.018755
0 0.650413 0.409977 0.046512 0.020255
0 0.385596 0.46024 0.049512 0.020255
0 0.436984 0.459865 0.03976 0.021005
0 0.486497 0.45949 0.048762 0.020255
0 0.666542 0.456489 0.017254 0.020255
0 0.376219 0.484246 0.033758 0.018755
0 0.427232 0.483121 0.059265 0.021005
0 0.651913 0.480495 0.045011 0.021755
0 0.388597 0.505626 0.060015 0.021005
3 0.651913 0.504126 0.045011 0.021005
0 0.397224 0.529632 0.077269 0.019505
0 0.652663 0.528132 0.045011 0.021005
0 0.369842 0.552888 0.024006 0.019505
0 0.402476 0.552513 0.035259 0.020255
0 0.653038 0.551013 0.047262 0.021755
0 0.454614 0.576519 0.061515 0.020255
0 0.503001 0.576894 0.023256 0.019505
0 0.534884 0.576144 0.033008 0.021005
0 0.567892 0.575769 0.024006 0.020255
0 0.628657 0.575769 0.090023 0.021755
0 0.434359 0.623781 0.045011 0.020255
0 0.492123 0.623781 0.025506 0.020255
0 0.545011 0.623781 0.072768 0.020255
0 0.606527 0.624156 0.044261 0.021005
0 0.429107 0.648912 0.055514 0.021005
0 0.482746 0.649287 0.044261 0.020255
0 0.55964 0.649287 0.102026 0.018755
0 0.627157 0.649287 0.024006 0.020255
0 0.534884 0.673668 0.225056 0.022506
0 0.451238 0.697299 0.048762 0.020255
0 0.498125 0.697674 0.031508 0.018004
0 0.54051 0.697674 0.044261 0.021005
0 0.574644 0.696924 0.016504 0.021005
0 0.608402 0.6988 0.045011 0.021755
0 0.356714 0.746062 0.044261 0.021755
0 0.396849 0.746062 0.022506 0.021755
0 0.465866 0.745686 0.097524 0.022506
0 0.545386 0.746062 0.054014 0.021755
0 0.429107 0.771193 0.055514 0.022506
0 0.478245 0.771193 0.032258 0.021005
0 0.58102 0.773068 0.15979 0.024756
0 0.352588 0.795574 0.015004 0.015754
0 0.389347 0.795574 0.051013 0.021755
0 0.43961 0.795949 0.034509 0.021005
0 0.473368 0.796324 0.025506 0.021755
0 0.512378 0.797074 0.045011 0.021755
0 0.56114 0.797074 0.046512 0.023256
0 0.627157 0.800825 0.073518 0.021755
0 0.691298 0.800825 0.047262 0.023256
0 0.447862 0.822206 0.052513 0.022506
0 0.502626 0.822581 0.046512 0.021755
0 0.546137 0.825206 0.036009 0.021005
