1 0.430608 0.184171 0.099025 0.029257
1 0.534509 0.184546 0.07877 0.030007
1 0.342836 0.213803 0.075019 0.031508
1 0.446362 0.214929 0.100525 0.029257
1 0.569017 0.213803 0.11928 0.033008
1 0.388972 0.244561 0.063766 0.030007
1 0.48162 0.247187 0.094524 0.033758
1 0.568267 0.244186 0.042761 0.027757
2 0.271943 0.285821 0.123781 0.024006
0 0.445342 0.285821 0.077481 0.022505
0 0.229557 0.315454 0.04051 0.023256
0 0.266317 0.315079 0.016504 0.021005
0 0.430983 0.315079 0.056264 0.024006
0 0.505251 0.315079 0.08027 0.024006
0 0.235934 0.345086 0.054764 0.022506
0 0.333083 0.345086 0.124531 0.022506
0 0.229182 0.396474 0.04126 0.021755
0 0.32033 0.396474 0.054013 0.021755
0 0.682296 0.396474 0.03976 0.021755
0 0.21868 0.434359 0.014254 0.019505
0 0.283946 0.435109 0.077269 0.019505
0 0.369467 0.433983 0.077269 0.021755
0 0.442611 0.434359 0.054013 0.022506
0 0.720555 0.433608 0.065266 0.022506
0 0.21868 0.456864 0.014254 0.018005
0 0.277569 0.456864 0.066016 0.019505
0 0.351838 0.456489 0.067517 0.020255
0 0.72168 0.456489 0.066016 0.021755
0 0.218305 0.47937 0.015004 0.018005
0 0.270818 0.47862 0.051013 0.019505
0 0.327457 0.47862 0.042761 0.019505
0 0.382596 0.478245 0.054014 0.020255
0 0.450863 0.478245 0.018005 0.020255
0 0.491748 0.478245 0.054764 0.021755
0 0.716804 0.477869 0.075769 0.022506
0 0.217929 0.501125 0.014254 0.018005
0 0.271193 0.500375 0.057764 0.021005
0 0.363466 0.50075 0.066767 0.020255
0 0.453863 0.50075 0.057014 0.021755
0 0.717929 0.501125 0.078019 0.024006
0 0.21868 0.523631 0.015754 0.019505
0 0.271193 0.522881 0.053263 0.022506
0 0.333458 0.522881 0.054764 0.022506
0 0.720555 0.522881 0.065266 0.024006
0 0.366842 0.580645 0.115529 0.034509
3 0.678545 0.580645 0.117779 0.036009
0 0.366092 0.644411 0.111028 0.022506
0 0.65904 0.643661 0.08027 0.025506
0 0.329707 0.674044 0.04126 0.021755
0 0.653038 0.674419 0.066767 0.024006
0 0.353338 0.704426 0.090023 0.024006
0 0.65904 0.704051 0.08027 0.024756
