1 0.407727 0.343586 0.044261 0.016504
1 0.442611 0.342461 0.022506 0.017254
1 0.476369 0.342086 0.045011 0.016504
0 0.647037 0.337959 0.054764 0.018755
0 0.666542 0.351838 0.089272 0.019505
0 0.472993 0.357464 0.024756 0.011253
0 0.376219 0.383346 0.063766 0.016504
2 0.466242 0.38072 0.104276 0.020255
0 0.55964 0.378095 0.052513 0.018004
0 0.643286 0.375094 0.087772 0.021005
0 0.507502 0.39985 0.086272 0.019505
0 0.427401 0.422354 0.160128 0.021002
0 0.562641 0.41823 0.094524 0.020255
0 0.591148 0.436234 0.145536 0.021755
0 0.369842 0.442236 0.04051 0.015754
0 0.408477 0.44111 0.029257 0.018005
0 0.467367 0.439985 0.078019 0.018755
0 0.376969 0.46024 0.054764 0.017254
0 0.472243 0.45874 0.089272 0.017254
0 0.543511 0.456864 0.035259 0.019505
0 0.584021 0.456114 0.030758 0.015004
0 0.402851 0.478995 0.099025 0.017254
0 0.415979 0.4985 0.126782 0.020255
0 0.529257 0.496624 0.086272 0.019505
0 0.372468 0.537134 0.03976 0.018005
0 0.411853 0.536384 0.028507 0.018005
0 0.462866 0.536009 0.067517 0.017254
0 0.585146 0.533758 0.153038 0.020255
0 0.374719 0.554389 0.03976 0.016504
0 0.412228 0.555139 0.024756 0.016504
0 0.464366 0.555139 0.067517 0.016504
0 0.544261 0.554764 0.075769 0.017254
0 0.398725 0.573893 0.089272 0.018004
0 0.480495 0.573143 0.062266 0.018004
0 0.544261 0.573893 0.054764 0.018004
0 0.611028 0.573518 0.065266 0.018755
0 0.37997 0.592648 0.051763 0.016504
0 0.457989 0.593023 0.012753 0.015754
0 0.52063 0.592648 0.063016 0.019505
0 0.38072 0.611028 0.051763 0.018755
0 0.457989 0.611778 0.014254 0.015754
3 0.51988 0.612153 0.064516 0.018004
0 0.671043 0.647412 0.084771 0.028507
