1 0.29895 0.117404 0.086272 0.027757
1 0.444111 0.115529 0.180045 0.031508
1 0.630908 0.112903 0.168042 0.029257
1 0.427982 0.146662 0.086272 0.026257
1 0.525881 0.144036 0.085521 0.027007
1 0.403226 0.177044 0.069767 0.030007
1 0.493623 0.175919 0.087022 0.027757
1 0.574269 0.175919 0.050263 0.027757
1 0.346587 0.209302 0.087022 0.028507
1 0.450863 0.208177 0.100525 0.029257
1 0.535634 0.206677 0.03901 0.029257
1 0.609902 0.205551 0.087022 0.027007
0 0.414104 0.23931 0.078019 0.031508
0 0.537134 0.237434 0.136534 0.029257
0 0.488372 0.273818 0.235559 0.030008
0 0.225431 0.337959 0.102776 0.030758
0 0.330833 0.337584 0.088522 0.031508
0 0.180795 0.402851 0.048012 0.031508
0 0.248687 0.403226 0.054764 0.030758
0 0.447487 0.400975 0.054764 0.027757
0 0.522131 0.399475 0.070518 0.030758
0 0.763316 0.395724 0.056264 0.030758
0 0.813953 0.396849 0.024006 0.028507
2 0.42123 0.433983 0.137284 0.030758
0 0.567892 0.430983 0.115529 0.030758
0 0.199175 0.502251 0.020255 0.029257
0 0.325206 0.49925 0.165791 0.029257
0 0.448987 0.498875 0.054764 0.028507
0 0.740435 0.494749 0.075019 0.030758
0 0.199925 0.536009 0.023256 0.027757
0 0.264816 0.534134 0.084021 0.031508
0 0.348462 0.532633 0.056264 0.031508
0 0.416729 0.533008 0.056264 0.032258
0 0.465491 0.532633 0.023256 0.030008
0 0.523631 0.530758 0.073518 0.030758
0 0.734434 0.528507 0.088522 0.030758
0 0.19955 0.568642 0.022506 0.027007
0 0.24081 0.567517 0.037509 0.027757
0 0.2997 0.566392 0.056264 0.031508
0 0.382596 0.564891 0.088522 0.030007
0 0.742686 0.56114 0.073518 0.030007
0 0.19955 0.60165 0.019505 0.027007
0 0.24156 0.60015 0.03901 0.028507
0 0.34171 0.598275 0.140285 0.030758
0 0.743436 0.594899 0.073518 0.030008
0 0.19955 0.635784 0.019505 0.030758
0 0.256939 0.633158 0.071268 0.033008
0 0.348462 0.631658 0.089272 0.030007
0 0.744936 0.629407 0.075019 0.030007
0 0.256189 0.666542 0.072768 0.030758
0 0.34171 0.665416 0.074269 0.030007
0 0.408102 0.665416 0.03901 0.031508
0 0.752063 0.663541 0.087772 0.030758
0 0.287322 0.732933 0.136534 0.031508
0 0.73931 0.729932 0.090773 0.031508
0 0.249437 0.769317 0.057764 0.030758
0 0.749437 0.765566 0.075019 0.030758
0 0.212678 0.80533 0.125281 0.033767
0 0.331958 0.800825 0.084771 0.032258
3 0.70105 0.800454 0.167292 0.033017
0 0.27832 0.943361 0.12153 0.036759
0 0.426857 0.939235 0.075019 0.034509
0 0.511253 0.93886 0.075769 0.032258
0 0.573143 0.942236 0.025506 0.027007
0 0.64066 0.938485 0.093023 0.034509
0 0.734058 0.940735 0.072768 0.036009
