1 0.233683 0.272318 0.03826 0.025506
1 0.191298 0.287322 0.031508 0.022506
1 0.165416 0.296324 0.027757 0.021005
1 0.19955 0.304201 0.016504 0.018755
1 0.232183 0.292948 0.053263 0.030758
1 0.18042 0.310578 0.032258 0.024006
1 0.250563 0.305701 0.04051 0.030758
1 0.227682 0.315454 0.021755 0.021755
0 0.251688 0.306827 0.036759 0.025506
1 0.192798 0.326707 0.055514 0.033758
0 0.249575 0.328823 0.055038 0.034991
0 0.205551 0.343211 0.03901 0.027757
0 0.357624 0.33078 0.073087 0.037405
0 0.18042 0.352588 0.026257 0.022506
0 0.37997 0.343961 0.03826 0.026257
0 0.342836 0.357839 0.043511 0.027007
0 0.395349 0.378845 0.033008 0.025506
0 0.576894 0.41823 0.184546 0.113278
0 0.352039 0.394657 0.060418 0.033125
0 0.774944 0.475244 0.223556 0.149287
2 0.119014 0.41646 0.066984 0.037722
0 0.156414 0.423106 0.033758 0.025506
0 0.115904 0.439235 0.04126 0.027757
0 0.149287 0.445986 0.027007 0.021755
0 0.118905 0.457989 0.035259 0.023256
0 0.184171 0.452738 0.048762 0.032258
0 0.136534 0.471868 0.051013 0.031508
0 0.283571 0.498875 0.034509 0.024006
0 0.46099 0.577269 0.033758 0.024756
0 0.322581 0.582146 0.048012 0.028507
0 0.285071 0.593773 0.034509 0.024756
0 0.334209 0.61928 0.03976 0.026257
0 0.305326 0.628282 0.027007 0.023256
0 0.473743 0.629782 0.03976 0.026257
0 0.276444 0.637284 0.042761 0.027757
0 0.546887 0.662416 0.084021 0.063016
0 0.227682 0.653413 0.057764 0.033008
0 0.267442 0.660165 0.032258 0.024006
0 0.185671 0.667292 0.030758 0.021755
0 0.56189 0.713803 0.16054 0.084771
0 0.665791 0.693923 0.168792 0.07952
0 0.370968 0.665041 0.056264 0.030758
0 0.210428 0.678545 0.04126 0.026257
0 0.378095 0.68117 0.04051 0.025506
0 0.296699 0.690923 0.065266 0.036009
0 0.344336 0.692798 0.031508 0.023256
0 0.226932 0.713803 0.021755 0.018755
0 0.276069 0.717179 0.03901 0.025506
0 0.247562 0.726932 0.025506 0.019505
0 0.756564 0.758065 0.224306 0.083271
0 0.215679 0.737809 0.042761 0.027757
0 0.261409 0.740585 0.09371 0.045312
0 0.625281 0.77907 0.138785 0.057764
