0 0.456114 0.18042 0.066016 0.024756
0 0.505251 0.177419 0.023256 0.024756
0 0.548762 0.174419 0.053263 0.026257
0 0.625656 0.169542 0.091523 0.030008
1 0.37847 0.231808 0.045761 0.024006
1 0.416729 0.234059 0.024756 0.019505
1 0.470368 0.235559 0.070518 0.021005
1 0.546887 0.233683 0.073518 0.021755
1 0.627532 0.231433 0.077269 0.023256
1 0.506001 0.254314 0.071268 0.019505
1 0.454614 0.270818 0.034509 0.019505
0 0.378845 0.284696 0.061515 0.026257
1 0.489872 0.272693 0.025506 0.017254
1 0.539385 0.272693 0.066017 0.017254
0 0.577644 0.290698 0.180045 0.021755
0 0.360465 0.303451 0.03826 0.021755
0 0.591523 0.311328 0.155289 0.021005
0 0.356339 0.323706 0.037509 0.021755
0 0.505448 0.339823 0.337228 0.041988
0 0.492498 0.393473 0.101275 0.026257
0 0.368717 0.414104 0.075769 0.025506
0 0.444486 0.416354 0.068267 0.028507
0 0.564891 0.42048 0.058515 0.027757
0 0.636534 0.422731 0.071268 0.026257
0 0.348837 0.43886 0.034509 0.025506
0 0.64141 0.448237 0.061515 0.027757
0 0.350338 0.463241 0.042011 0.023256
0 0.390473 0.463241 0.026257 0.026257
0 0.617029 0.472618 0.03826 0.027007
0 0.353338 0.511628 0.058515 0.030008
0 0.605401 0.51913 0.12003 0.025506
0 0.34096 0.535259 0.035259 0.026257
0 0.391223 0.536384 0.051763 0.027007
0 0.616279 0.542761 0.105776 0.029257
0 0.347337 0.56114 0.058515 0.030007
0 0.594149 0.569017 0.106527 0.033758
0 0.66129 0.573893 0.020255 0.027007
0 0.333458 0.588147 0.036759 0.027007
0 0.382971 0.589647 0.053263 0.027007
0 0.614779 0.599025 0.107277 0.032258
0 0.36009 0.64066 0.105026 0.034509
0 0.403226 0.671418 0.068267 0.034509
3 0.47937 0.676669 0.051013 0.033008
0 0.322956 0.691673 0.050263 0.033008
3 0.557764 0.682296 0.075769 0.035259
3 0.636159 0.687922 0.060015 0.028507
0 0.328957 0.720555 0.060765 0.033758
0 0.611403 0.714179 0.114029 0.03901
0 0.397974 0.725806 0.075769 0.033758
0 0.320705 0.745686 0.050263 0.030007
2 0.408477 0.753188 0.117779 0.03901
0 0.657539 0.746062 0.021755 0.029257
0 0.328207 0.774569 0.071268 0.035259
0 0.531133 0.764816 0.054014 0.03976
0 0.614404 0.768942 0.099025 0.037509
0 0.406602 0.782446 0.076519 0.036009
0 0.304576 0.80045 0.031508 0.031508
0 0.584396 0.7997 0.16054 0.048012
0 0.343586 0.804576 0.037509 0.032258
0 0.30045 0.828582 0.030758 0.029257
0 0.37922 0.835709 0.11928 0.045011
0 0.599775 0.830833 0.128282 0.044261
0 0.472243 0.846962 0.063766 0.03901
0 0.597149 0.86009 0.126031 0.045761
0 0.323331 0.887847 0.04051 0.023256
0 0.369092 0.891223 0.043511 0.034509
0 0.409227 0.893473 0.032258 0.034509
0 0.459115 0.90135 0.067517 0.03976
0 0.541635 0.911478 0.094524 0.042011
0 0.614029 0.924606 0.04126 0.026257
