1 0.431358 0.192048 0.174043 0.037509
1 0.606527 0.188297 0.128282 0.034509
1 0.444486 0.240435 0.257314 0.03826
1 0.645161 0.236684 0.105026 0.033758
1 0.303076 0.286197 0.183046 0.03976
1 0.489497 0.287322 0.144786 0.033008
1 0.683421 0.285821 0.178545 0.03901
1 0.507502 0.331208 0.129782 0.033758
0 0.127157 0.473743 0.027757 0.032258
0 0.228432 0.473368 0.134284 0.031508
0 0.37922 0.475994 0.126782 0.03976
0 0.506377 0.476744 0.08102 0.03826
0 0.757314 0.472993 0.126782 0.033758
0 0.292948 0.523631 0.245311 0.03901
0 0.515379 0.524006 0.150037 0.032258
0 0.126782 0.568267 0.027007 0.032258
0 0.27982 0.570518 0.232558 0.035259
0 0.455364 0.570893 0.07952 0.03901
0 0.757117 0.568641 0.125677 0.034506
0 0.297449 0.62003 0.248312 0.036759
0 0.515004 0.618905 0.149287 0.034509
0 0.127907 0.663166 0.030758 0.033008
0 0.241185 0.662416 0.153788 0.031508
0 0.758065 0.662416 0.123781 0.033008
0 0.282071 0.713428 0.223556 0.036009
0 0.490623 0.713803 0.147037 0.03976
0 0.202176 0.804201 0.129782 0.034509
0 0.415979 0.807577 0.258815 0.03976
3 0.733308 0.804576 0.179295 0.033758
