1 0.489122 0.091523 0.136534 0.025506
1 0.370968 0.12003 0.017254 0.024006
1 0.405851 0.123406 0.03901 0.020255
1 0.488372 0.122656 0.112528 0.027757
1 0.582521 0.122656 0.063766 0.023256
1 0.453863 0.150413 0.061515 0.024756
1 0.523631 0.150413 0.064516 0.024756
0 0.422731 0.180795 0.027757 0.025506
0 0.458365 0.180795 0.030008 0.025506
0 0.493623 0.180795 0.028507 0.025506
0 0.528882 0.180795 0.028507 0.024006
0 0.564516 0.180795 0.027757 0.027007
0 0.447112 0.210428 0.051013 0.023256
0 0.522881 0.210803 0.087022 0.024006
0 0.405851 0.23931 0.042011 0.025506
0 0.453113 0.24006 0.04051 0.022506
0 0.499625 0.24006 0.037509 0.025506
0 0.557014 0.24156 0.063766 0.025506
2 0.272693 0.295949 0.125281 0.026257
0 0.372843 0.297074 0.061515 0.027007
0 0.244186 0.324081 0.060765 0.024006
0 0.315829 0.325581 0.018005 0.022506
0 0.267442 0.352963 0.113278 0.024756
0 0.349587 0.354464 0.018005 0.024756
0 0.25919 0.382596 0.093773 0.024006
0 0.411853 0.384471 0.166542 0.027757
0 0.514254 0.385971 0.027757 0.024756
0 0.23856 0.410353 0.054013 0.025506
0 0.285446 0.412603 0.029257 0.021005
0 0.315454 0.412228 0.017254 0.018755
0 0.221305 0.467742 0.018005 0.024756
0 0.268192 0.468117 0.062266 0.025506
0 0.319955 0.468117 0.029257 0.025506
0 0.388222 0.470368 0.096774 0.028507
0 0.740435 0.472243 0.061515 0.026257
0 0.22168 0.496624 0.015754 0.022506
0 0.262941 0.496624 0.053263 0.022506
0 0.303076 0.496999 0.018005 0.024756
0 0.325956 0.496999 0.020255 0.023256
0 0.73856 0.501125 0.062266 0.025506
0 0.222431 0.524381 0.015754 0.022506
0 0.262941 0.525131 0.053263 0.022506
0 0.343586 0.525881 0.097524 0.025506
0 0.739685 0.528882 0.060015 0.025506
0 0.222056 0.552513 0.016504 0.023256
0 0.28057 0.552888 0.087022 0.025506
0 0.377719 0.553638 0.095274 0.025506
0 0.743061 0.556264 0.054764 0.023256
0 0.22168 0.581395 0.018755 0.024006
0 0.285071 0.582146 0.097524 0.024006
0 0.743811 0.585146 0.054764 0.025506
0 0.282446 0.647787 0.095274 0.047262
0 0.380345 0.648537 0.060015 0.045761
0 0.46099 0.649662 0.07877 0.045011
3 0.67967 0.653038 0.057014 0.048762
3 0.731808 0.652288 0.04126 0.03826
0 0.450113 0.711928 0.061515 0.025506
0 0.503001 0.712678 0.030758 0.025506
0 0.736309 0.714929 0.062266 0.027007
0 0.439235 0.741185 0.04126 0.024006
0 0.502626 0.741935 0.073518 0.027007
0 0.74156 0.743811 0.054764 0.026257
0 0.438485 0.769692 0.03826 0.027007
0 0.501875 0.771193 0.076519 0.027007
0 0.742311 0.773068 0.053263 0.027757
0 0.265941 0.796324 0.110278 0.026257
0 0.346962 0.825956 0.255814 0.030008
0 0.597524 0.827457 0.218305 0.027007
0 0.534509 0.854839 0.072768 0.027757
0 0.589272 0.855964 0.024756 0.024006
0 0.651538 0.857464 0.092273 0.024006
0 0.735184 0.857089 0.055514 0.024756
0 0.413728 0.910728 0.065266 0.027007
0 0.46099 0.912228 0.017254 0.022506
0 0.527007 0.911478 0.105776 0.027007
