1 0.384846 0.136909 0.105026 0.029257
1 0.515004 0.136909 0.123781 0.026257
1 0.297449 0.168042 0.023256 0.024006
1 0.356714 0.165041 0.062266 0.028507
1 0.454614 0.162041 0.103526 0.027007
1 0.576144 0.164291 0.097524 0.021005
1 0.265566 0.192048 0.105026 0.030008
1 0.41823 0.189047 0.165791 0.028507
1 0.608027 0.188297 0.179295 0.025506
0 0.337959 0.219055 0.04126 0.024006
0 0.397599 0.214929 0.043511 0.026257
0 0.457989 0.212678 0.04126 0.024756
0 0.520255 0.214929 0.042761 0.024756
0 0.57877 0.214554 0.042761 0.022506
0 0.464366 0.388597 0.106527 0.028507
0 0.688672 0.437359 0.064516 0.024006
0 0.289421 0.46512 0.208249 0.028514
0 0.20105 0.503751 0.036009 0.026257
0 0.255439 0.5015 0.057764 0.024756
0 0.311328 0.500375 0.042011 0.024006
0 0.372468 0.499625 0.065266 0.022506
0 0.437734 0.498125 0.054764 0.024006
0 0.690173 0.514629 0.058515 0.030007
0 0.192423 0.528507 0.018755 0.021755
0 0.313578 0.524381 0.085521 0.024006
0 0.23856 0.598275 0.097524 0.042761
0 0.354464 0.597899 0.093773 0.043511
3 0.686047 0.591898 0.08027 0.043511
0 0.230683 0.7018 0.068267 0.029257
0 0.300075 0.702551 0.058515 0.027757
0 0.654914 0.700675 0.060015 0.030008
0 0.729182 0.6988 0.045011 0.029257
0 0.397975 0.782071 0.044261 0.020255
0 0.451613 0.781695 0.045011 0.027007
0 0.503751 0.785446 0.04126 0.031508
0 0.241185 0.804576 0.033758 0.023256
0 0.267442 0.803076 0.015754 0.021755
0 0.289947 0.805326 0.023256 0.024756
0 0.32108 0.805326 0.033008 0.021755
0 0.48012 0.813203 0.04201 0.036009
0 0.578395 0.811328 0.027007 0.03976
0 0.708552 0.817329 0.050263 0.044261
0 0.248312 0.822581 0.051013 0.021755
0 0.297824 0.823706 0.03901 0.022506
0 0.534509 0.822956 0.051763 0.019505
0 0.3012 0.881845 0.030758 0.026257
0 0.371343 0.881095 0.094524 0.026257
0 0.442236 0.875844 0.032258 0.024756
0 0.518005 0.876594 0.108777 0.030758
0 0.594899 0.873968 0.031508 0.025506
0 0.647787 0.876969 0.056264 0.027007
0 0.430233 0.902851 0.168792 0.029257
0 0.544636 0.895349 0.043511 0.021755
0 0.592648 0.897599 0.045011 0.021755
0 0.523256 0.923106 0.185296 0.032258
