1 0.39835 0.135034 0.088522 0.018005
1 0.475994 0.135409 0.035259 0.018755
1 0.547262 0.136534 0.072768 0.018004
0 0.383721 0.154164 0.029257 0.017254
1 0.412603 0.154914 0.018005 0.017254
1 0.456114 0.155664 0.055514 0.017254
0 0.510128 0.156039 0.034509 0.018004
1 0.555139 0.156414 0.037509 0.017254
1 0.397974 0.175169 0.029257 0.014254
1 0.445986 0.175169 0.054764 0.018755
1 0.492123 0.175169 0.021005 0.017254
1 0.53976 0.175544 0.050263 0.016504
0 0.472243 0.193923 0.113278 0.018755
0 0.47937 0.214554 0.157539 0.019505
0 0.315454 0.250563 0.03976 0.019505
0 0.35934 0.253563 0.04201 0.019505
0 0.295199 0.289947 0.032258 0.020255
0 0.336459 0.292948 0.03976 0.021755
0 0.43811 0.294074 0.033008 0.021005
0 0.48087 0.296324 0.043511 0.021005
0 0.614029 0.301575 0.032258 0.018004
0 0.642911 0.301575 0.015004 0.018004
2 0.422479 0.318329 0.057764 0.024006
0 0.501875 0.318455 0.070518 0.020255
0 0.363841 0.357089 0.112528 0.030008
0 0.330833 0.375844 0.052513 0.022506
0 0.380345 0.380345 0.042011 0.024006
0 0.594899 0.388222 0.045011 0.021755
0 0.347712 0.39985 0.089272 0.024006
0 0.589647 0.409977 0.052513 0.021755
0 0.289572 0.418605 0.012003 0.018005
0 0.335709 0.41973 0.071268 0.021755
0 0.413728 0.424606 0.08027 0.027007
0 0.588522 0.432483 0.051763 0.023256
0 0.286947 0.43961 0.014254 0.019505
0 0.337209 0.44111 0.08177 0.025506
0 0.344336 0.465116 0.063016 0.025506
0 0.590398 0.456114 0.045011 0.022506
0 0.4006 0.467367 0.045011 0.022506
0 0.281695 0.483496 0.014254 0.020255
0 0.328207 0.485371 0.069767 0.024006
0 0.393473 0.489497 0.054764 0.023256
0 0.27907 0.507127 0.015004 0.021005
0 0.326332 0.509752 0.070518 0.026257
0 0.588522 0.499625 0.045761 0.022506
0 0.388222 0.511628 0.042761 0.022506
0 0.586272 0.522506 0.048762 0.023256
0 0.337209 0.533008 0.062266 0.024756
0 0.393098 0.534134 0.045011 0.024006
0 0.272318 0.552138 0.015004 0.021005
0 0.319205 0.555889 0.071268 0.025506
0 0.269317 0.575394 0.015004 0.021005
0 0.334248 0.579522 0.099695 0.029262
0 0.584771 0.569767 0.045761 0.023256
0 0.412603 0.583646 0.055514 0.025506
0 0.327832 0.602026 0.063016 0.024756
0 0.579145 0.593773 0.054013 0.024756
0 0.386722 0.605776 0.045761 0.024756
0 0.261815 0.622656 0.015004 0.021005
0 0.319205 0.626032 0.093773 0.029257
0 0.392723 0.629407 0.047262 0.024006
0 0.325581 0.650038 0.078019 0.029257
0 0.581395 0.642161 0.048012 0.025506
0 0.4006 0.654914 0.067517 0.030007
0 0.253938 0.669917 0.015754 0.021005
0 0.30195 0.673668 0.077269 0.030008
0 0.575769 0.665791 0.056264 0.026257
0 0.2997 0.69805 0.07877 0.029257
0 0.35934 0.70105 0.036009 0.026257
0 0.574644 0.691298 0.058515 0.026257
0 0.409977 0.705176 0.057764 0.028507
0 0.315454 0.725431 0.07877 0.031508
0 0.38072 0.730308 0.047262 0.030758
0 0.24081 0.745686 0.015004 0.022506
0 0.28132 0.748687 0.058515 0.027007
0 0.236684 0.771568 0.015754 0.023256
0 0.270068 0.773443 0.049512 0.030007
0 0.324081 0.777194 0.048012 0.027007
0 0.576144 0.768942 0.049512 0.027007
0 0.574644 0.796699 0.051013 0.025506
0 0.283571 0.830083 0.090023 0.033758
0 0.254689 0.854464 0.03976 0.028507
0 0.563391 0.850713 0.070518 0.033008
0 0.231433 0.88072 0.08027 0.033008
0 0.303451 0.887472 0.057764 0.031508
0 0.357089 0.890848 0.03901 0.029257
0 0.567517 0.88072 0.057764 0.028507
3 0.526257 0.903601 0.132783 0.032258
0 0.297824 0.942986 0.060015 0.033008
0 0.351088 0.946737 0.04051 0.031508
0 0.394974 0.951613 0.04126 0.029257
0 0.467367 0.958365 0.097524 0.03826
