1 0.488747 0.080645 0.290323 0.063766
1 0.503751 0.152288 0.287322 0.072018
1 0.491373 0.208927 0.19955 0.032258
1 0.436234 0.277194 0.072768 0.027757
1 0.505251 0.276444 0.051763 0.024756
1 0.555514 0.276819 0.03976 0.024006
1 0.448987 0.300825 0.048762 0.024006
1 0.49925 0.301575 0.03826 0.022506
1 0.544261 0.301575 0.03976 0.021005
1 0.408852 0.325581 0.03901 0.022506
1 0.464741 0.326332 0.059265 0.027007
1 0.516504 0.325581 0.027757 0.024006
1 0.567892 0.325581 0.060015 0.022506
0 0.491373 0.349963 0.136534 0.024756
0 0.273443 0.374344 0.03826 0.024006
0 0.31883 0.375469 0.037509 0.021755
0 0.363466 0.374719 0.03976 0.024756
0 0.657914 0.375469 0.060015 0.021755
0 0.702926 0.373593 0.016504 0.022506
0 0.273068 0.3991 0.03901 0.022506
0 0.313203 0.3991 0.030758 0.022506
0 0.346962 0.3991 0.027757 0.022506
0 0.392348 0.3991 0.049512 0.022506
0 0.657164 0.398725 0.061515 0.021755
0 0.703676 0.39835 0.015004 0.021005
0 0.274194 0.423481 0.03826 0.021755
0 0.313203 0.423856 0.027757 0.021005
0 0.374344 0.423106 0.085521 0.024006
0 0.44186 0.423481 0.04051 0.023256
0 0.657914 0.423856 0.061515 0.021005
0 0.703676 0.422731 0.015004 0.021755
0 0.278695 0.447862 0.050263 0.024006
0 0.341335 0.447862 0.061515 0.022506
0 0.397974 0.448237 0.03976 0.023256
0 0.652288 0.448612 0.069767 0.024006
0 0.703301 0.447862 0.015754 0.022506
0 0.312828 0.472993 0.072018 0.023256
0 0.396474 0.473368 0.084771 0.025506
0 0.656414 0.473368 0.060015 0.024006
0 0.285446 0.498125 0.060765 0.022506
0 0.352213 0.497749 0.060765 0.023256
0 0.430608 0.498125 0.082521 0.024006
0 0.656039 0.497749 0.059265 0.023256
0 0.703676 0.496999 0.015004 0.023256
0 0.283946 0.522506 0.059265 0.023256
0 0.393098 0.523256 0.142536 0.023256
0 0.657914 0.522881 0.061515 0.022506
0 0.702926 0.522131 0.015004 0.022506
0 0.274194 0.548012 0.03826 0.021755
0 0.335334 0.547637 0.070518 0.022506
0 0.404351 0.548387 0.051013 0.022506
0 0.465866 0.548387 0.061515 0.024006
0 0.657914 0.548012 0.061515 0.023256
0 0.702926 0.547637 0.015004 0.024006
0 0.284321 0.572768 0.061515 0.023256
0 0.346212 0.573143 0.048762 0.022506
0 0.403226 0.573143 0.050263 0.022506
0 0.465866 0.573143 0.060015 0.024006
0 0.522506 0.572393 0.036759 0.025506
0 0.657164 0.572768 0.063016 0.023256
0 0.703301 0.572393 0.015754 0.024006
0 0.273818 0.597149 0.03901 0.022506
0 0.324081 0.596774 0.049512 0.024756
0 0.387097 0.597524 0.061515 0.021755
0 0.461365 0.598275 0.072018 0.023256
0 0.656414 0.597524 0.061515 0.021755
0 0.704051 0.597524 0.015754 0.023256
0 0.273818 0.62153 0.03901 0.021755
0 0.335334 0.621905 0.070518 0.022506
0 0.408852 0.622281 0.061515 0.023256
0 0.656414 0.621905 0.058515 0.022506
0 0.702926 0.621905 0.015004 0.022506
0 0.273443 0.646287 0.03826 0.021755
0 0.329707 0.646287 0.062266 0.023256
0 0.397599 0.647412 0.061515 0.022506
0 0.448987 0.646662 0.027757 0.024006
0 0.656789 0.646287 0.060765 0.023256
0 0.702926 0.646662 0.015004 0.022506
0 0.27982 0.671043 0.049512 0.021755
0 0.341335 0.671418 0.061515 0.022506
0 0.408477 0.671418 0.059265 0.022506
0 0.656789 0.672168 0.059265 0.022506
0 0.702926 0.670668 0.015004 0.022506
0 0.285821 0.695799 0.061515 0.023256
0 0.381095 0.696174 0.117029 0.022506
0 0.471868 0.696174 0.048012 0.022506
0 0.656414 0.696174 0.060015 0.024006
0 0.708177 0.696174 0.027007 0.025506
0 0.312078 0.720555 0.075019 0.024756
0 0.395724 0.720555 0.084771 0.024756
0 0.656414 0.72093 0.057014 0.022506
0 0.419355 0.744561 0.105026 0.024756
0 0.652663 0.744936 0.073518 0.024006
0 0.385971 0.770068 0.03826 0.023256
0 0.447862 0.769317 0.070518 0.024756
3 0.657663 0.822568 0.073518 0.024756
0 0.385971 0.794824 0.04126 0.024756
0 0.554764 0.794449 0.063766 0.025506
0 0.656414 0.795199 0.060015 0.022506
0 0.447862 0.819205 0.073518 0.024006
2 0.3145 0.91975 0.121 0.0275
