1 0.437734 0.073143 0.07877 0.035259
1 0.588522 0.085896 0.180795 0.045761
1 0.457239 0.107277 0.045761 0.034509
1 0.552138 0.114404 0.133533 0.03976
1 0.436984 0.136159 0.044261 0.029257
1 0.51838 0.142911 0.109527 0.03976
1 0.606527 0.148912 0.059265 0.032258
1 0.466617 0.170668 0.145536 0.044261
1 0.601275 0.180795 0.110278 0.037509
1 0.396474 0.19955 0.060765 0.034509
1 0.508786 0.207062 0.155722 0.042031
1 0.636159 0.212678 0.082521 0.032258
0 0.469617 0.235934 0.156039 0.04126
0 0.597524 0.241185 0.104276 0.032258
0 0.452738 0.267442 0.044261 0.030758
0 0.527757 0.272318 0.093773 0.036009
0 0.294824 0.313578 0.067517 0.034509
2 0.391223 0.317329 0.108777 0.037509
0 0.530008 0.325206 0.057764 0.033758
0 0.674419 0.324081 0.070518 0.057014
0 0.294074 0.344336 0.069017 0.036009
0 0.588522 0.329332 0.045761 0.030008
0 0.386347 0.348087 0.097524 0.034509
0 0.333833 0.407727 0.148537 0.036759
0 0.555514 0.41973 0.042761 0.032258
0 0.611403 0.420855 0.055514 0.031508
0 0.695799 0.424606 0.077269 0.031508
0 0.291448 0.466617 0.056264 0.027007
0 0.352213 0.468117 0.054764 0.028507
0 0.565641 0.477869 0.016504 0.024006
0 0.620405 0.47937 0.030008 0.022506
0 0.719805 0.48162 0.030758 0.022506
0 0.487997 0.527007 0.045761 0.026257
0 0.551013 0.527757 0.068267 0.029257
0 0.703676 0.532258 0.073518 0.029257
0 0.492123 0.556264 0.055514 0.027757
0 0.557764 0.557764 0.059265 0.027757
0 0.711178 0.56189 0.060015 0.027007
0 0.484246 0.618155 0.044261 0.028507
0 0.548012 0.619655 0.066767 0.030008
0 0.705551 0.623031 0.075769 0.033758
0 0.502251 0.650788 0.057764 0.027757
0 0.56039 0.652663 0.045011 0.027007
0 0.711553 0.657164 0.060765 0.030007
0 0.5015 0.683046 0.057764 0.029257
0 0.560765 0.685671 0.048762 0.028507
0 0.711553 0.690548 0.060765 0.030758
0 0.267442 0.74006 0.04126 0.030758
0 0.391223 0.743811 0.071268 0.030758
0 0.473368 0.746812 0.082521 0.032258
3 0.713428 0.75844 0.058515 0.033008
0 0.266317 0.80045 0.043511 0.027007
0 0.310953 0.802701 0.030758 0.027007
0 0.429107 0.807202 0.196549 0.03901
0 0.293698 0.829332 0.090773 0.032258
0 0.645161 0.820705 0.085521 0.037509
0 0.716429 0.824831 0.043511 0.030758
0 0.430983 0.838335 0.068267 0.032258
0 0.494749 0.841335 0.045761 0.027757
0 0.623406 0.849587 0.073518 0.033758
0 0.705176 0.855589 0.073518 0.032258
0 0.284321 0.908477 0.055514 0.028507
0 0.345461 0.908852 0.054764 0.027757
