1 0.515754 0.082896 0.255814 0.084771
0 0.35934 0.135784 0.033008 0.018004
0 0.446362 0.137284 0.034509 0.019505
0 0.490623 0.136909 0.033008 0.021755
0 0.523256 0.13916 0.017254 0.017254
0 0.588897 0.138785 0.106527 0.021005
1 0.324831 0.200675 0.063016 0.030758
1 0.424231 0.202176 0.113278 0.033758
1 0.516129 0.200675 0.046512 0.027757
1 0.599025 0.20105 0.102776 0.028507
1 0.266317 0.230683 0.034509 0.027757
1 0.323331 0.232558 0.063016 0.030007
1 0.39985 0.233308 0.075019 0.031508
1 0.48012 0.232933 0.060015 0.027757
1 0.543886 0.232558 0.048012 0.025506
1 0.607277 0.230308 0.060765 0.027007
1 0.678545 0.225806 0.063766 0.028507
0 0.364966 0.263691 0.059265 0.029257
0 0.436984 0.264441 0.060765 0.027757
0 0.507502 0.264066 0.062266 0.025506
0 0.579145 0.263316 0.061515 0.025506
0 0.231058 0.339085 0.085521 0.057014
0 0.388972 0.339835 0.060765 0.049512
0 0.19805 0.411103 0.033008 0.028507
0 0.241935 0.412228 0.032258 0.029257
0 0.307202 0.411478 0.08027 0.029257
0 0.394599 0.412228 0.024006 0.027757
0 0.217929 0.444486 0.07877 0.029257
0 0.289572 0.444861 0.045011 0.025506
0 0.421605 0.442986 0.078019 0.027757
0 0.214179 0.476369 0.077269 0.030008
0 0.421605 0.47862 0.078019 0.031508
0 0.212678 0.509377 0.077269 0.030008
0 0.295574 0.509002 0.063016 0.029257
2 0.459115 0.511253 0.154539 0.033758
0 0.556639 0.512378 0.028507 0.030007
0 0.603151 0.510128 0.037509 0.030008
0 0.209302 0.576894 0.022506 0.028507
0 0.311328 0.578019 0.165041 0.032258
0 0.433984 0.579895 0.053263 0.028507
0 0.742686 0.571643 0.096024 0.030008
0 0.144411 0.605026 0.029257 0.030758
0 0.207052 0.622281 0.018004 0.030758
0 0.273068 0.624531 0.093023 0.035259
0 0.409227 0.625656 0.155289 0.034509
0 0.537884 0.626407 0.075019 0.028507
0 0.748312 0.616654 0.084771 0.028507
0 0.204051 0.665791 0.018004 0.026257
0 0.301575 0.669542 0.156039 0.033758
0 0.433984 0.671043 0.087772 0.032258
0 0.527007 0.671043 0.035259 0.032258
0 0.743436 0.664291 0.094524 0.030758
0 0.20105 0.709302 0.016504 0.027757
0 0.276819 0.713053 0.112528 0.036759
0 0.383721 0.716804 0.08177 0.032258
0 0.744561 0.711928 0.096774 0.033008
0 0.197674 0.757314 0.017254 0.027757
0 0.250188 0.75919 0.069767 0.034509
0 0.334959 0.762566 0.086272 0.035259
0 0.391973 0.764066 0.030758 0.030758
0 0.452363 0.764066 0.064516 0.033758
0 0.504876 0.763691 0.016504 0.028507
0 0.543511 0.763691 0.035259 0.028507
0 0.58027 0.762191 0.021755 0.030008
0 0.627157 0.764066 0.054013 0.026257
0 0.743811 0.76069 0.098275 0.031508
0 0.212303 0.842086 0.129032 0.03976
0 0.76069 0.848462 0.100525 0.033008
0 0.173293 0.87922 0.051013 0.034509
0 0.241185 0.882596 0.065266 0.035259
0 0.335334 0.886722 0.099025 0.037509
0 0.770443 0.887847 0.087022 0.033758
0 0.183421 0.942611 0.083271 0.03976
3 0.713734 0.942607 0.195937 0.060758
