0 0.502626 0.25844 0.211553 0.050263
0 0.499355 0.312447 0.214015 0.044249
1 0.456489 0.400225 0.113278 0.026257
1 0.425356 0.427232 0.051013 0.024756
1 0.484996 0.426857 0.048762 0.024006
1 0.542761 0.427232 0.053263 0.023256
1 0.374344 0.454989 0.03901 0.024756
1 0.424231 0.455739 0.047262 0.023256
1 0.489497 0.455739 0.062266 0.024756
1 0.565266 0.456489 0.074269 0.024756
1 0.362341 0.483496 0.015004 0.023256
1 0.408477 0.483871 0.063766 0.024006
1 0.495124 0.485371 0.099025 0.028507
1 0.56189 0.484621 0.022506 0.024006
1 0.590398 0.486872 0.043511 0.019505
1 0.441485 0.512753 0.105776 0.026257
1 0.54126 0.512378 0.074269 0.025506
0 0.424606 0.539385 0.048012 0.024006
0 0.510503 0.539385 0.105776 0.022506
0 0.245686 0.594524 0.023256 0.024756
0 0.291073 0.594899 0.066017 0.025506
2 0.420855 0.594524 0.11853 0.023256
0 0.540885 0.594149 0.097524 0.027007
0 0.288072 0.623781 0.105026 0.024756
0 0.395724 0.627157 0.063766 0.021005
0 0.551388 0.623406 0.072018 0.024006
0 0.632033 0.622656 0.072768 0.025506
0 0.685671 0.623406 0.034509 0.022506
0 0.254314 0.651538 0.052513 0.024756
0 0.308327 0.652288 0.04051 0.024756
0 0.429482 0.651913 0.135784 0.025506
0 0.264066 0.68117 0.076519 0.025506
0 0.376969 0.681545 0.029257 0.026257
0 0.550263 0.68192 0.069767 0.025506
0 0.606527 0.68117 0.018755 0.025506
0 0.240435 0.742686 0.027757 0.025506
0 0.278695 0.742686 0.036759 0.027007
0 0.326332 0.743061 0.052513 0.024756
0 0.380345 0.742686 0.042011 0.024006
0 0.452363 0.744561 0.043511 0.021755
0 0.501125 0.741935 0.034509 0.028507
0 0.597524 0.74006 0.062266 0.026257
0 0.7003 0.737809 0.060765 0.027757
0 0.240435 0.772693 0.027757 0.024006
0 0.27982 0.773818 0.034509 0.026257
0 0.324831 0.773068 0.051013 0.027757
0 0.393473 0.773068 0.065266 0.024756
0 0.471118 0.772693 0.07802 0.025506
0 0.530008 0.771568 0.032258 0.026257
0 0.60015 0.770068 0.055514 0.027757
0 0.706677 0.768567 0.054013 0.026257
0 0.239685 0.803451 0.024756 0.024006
0 0.276819 0.803451 0.033008 0.025506
0 0.343211 0.803826 0.092273 0.023256
0 0.415979 0.802701 0.044261 0.025506
0 0.469242 0.801575 0.053263 0.026257
0 0.597149 0.800075 0.063016 0.026257
0 0.7003 0.797449 0.057764 0.025506
0 0.238935 0.832333 0.026257 0.023256
0 0.276819 0.833083 0.034509 0.024756
0 0.323331 0.833458 0.051013 0.025506
0 0.403601 0.833083 0.088522 0.023256
0 0.481996 0.831583 0.054764 0.024756
0 0.60015 0.829707 0.052513 0.025506
0 0.706302 0.826707 0.050263 0.025506
0 0.397224 0.888972 0.101275 0.022506
0 0.592648 0.885971 0.064516 0.025506
0 0.321455 0.914104 0.03976 0.021755
0 0.390098 0.914104 0.090023 0.021755
0 0.466242 0.914479 0.048762 0.022506
0 0.592273 0.912603 0.065266 0.024756
0 0.689797 0.910353 0.051763 0.026257
0 0.508252 0.917104 0.036759 0.020255
0 0.477119 0.941485 0.097524 0.025506
0 0.7003 0.938485 0.053263 0.024006
3 0.698622 0.970493 0.070518 0.027007
0 0.487622 0.971493 0.070518 0.027007
