1 0.434734 0.255064 0.051763 0.022506
1 0.5 0.258065 0.053263 0.019505
1 0.396849 0.275694 0.022506 0.020255
1 0.451613 0.276819 0.08102 0.022506
1 0.518755 0.278695 0.053263 0.018755
0 0.427607 0.297074 0.07952 0.021005
0 0.521005 0.2997 0.066767 0.018755
0 0.376594 0.317329 0.064516 0.021005
0 0.44111 0.318455 0.058515 0.018755
0 0.518004 0.31958 0.048762 0.021005
0 0.567517 0.320705 0.045761 0.018755
2 0.393473 0.340585 0.093773 0.021005
0 0.475994 0.341335 0.069767 0.021005
0 0.526257 0.34096 0.023256 0.018755
0 0.584021 0.34096 0.059265 0.018755
0 0.331958 0.383721 0.042761 0.018755
0 0.414854 0.383346 0.102026 0.019505
0 0.610653 0.381845 0.03901 0.019505
0 0.346587 0.428732 0.016504 0.020255
0 0.374719 0.427982 0.032258 0.020255
0 0.423481 0.426857 0.060765 0.021005
0 0.48087 0.426857 0.049512 0.019505
0 0.626031 0.422731 0.042761 0.020255
0 0.347712 0.451988 0.014254 0.020255
0 0.384096 0.450863 0.052513 0.019505
0 0.43811 0.449737 0.049512 0.021755
0 0.628282 0.444861 0.04126 0.019505
0 0.348462 0.475994 0.014254 0.018755
0 0.430233 0.474119 0.032258 0.019505
0 0.629032 0.466617 0.048762 0.021005
0 0.385971 0.474494 0.053263 0.018755
0 0.403601 0.498125 0.087022 0.024006
0 0.466992 0.494749 0.032258 0.021755
0 0.632408 0.489122 0.051013 0.021005
0 0.348837 0.5 0.015004 0.021755
0 0.641035 0.511628 0.042761 0.021005
0 0.348837 0.524381 0.015004 0.021005
0 0.382596 0.522881 0.045011 0.021005
0 0.433233 0.51988 0.053263 0.021005
0 0.644786 0.534884 0.044261 0.022506
0 0.349587 0.548762 0.015004 0.020255
0 0.396474 0.546512 0.074269 0.023256
0 0.461365 0.543511 0.052513 0.021755
0 0.516504 0.54051 0.053263 0.024756
3 0.625656 0.585146 0.094524 0.025506
0 0.448987 0.594524 0.116279 0.033758
0 0.51913 0.704426 0.018004 0.021005
0 0.574644 0.69805 0.066016 0.032258
0 0.651538 0.692423 0.063766 0.031508
0 0.405851 0.710428 0.172543 0.04201
0 0.606902 0.725056 0.195049 0.042761
0 0.375844 0.743436 0.151538 0.03901
0 0.60165 0.755439 0.216054 0.046512
0 0.365341 0.774944 0.135034 0.04051
0 0.512378 0.825206 0.235559 0.052513
