1 0.497985 0.138404 0.360369 0.146275
1 0.386347 0.085521 0.048012 0.043511
0 0.477494 0.284696 0.07877 0.029257
0 0.291448 0.345836 0.131283 0.028507
0 0.411478 0.345461 0.069767 0.029257
0 0.471868 0.345461 0.043511 0.027757
0 0.550263 0.345836 0.074269 0.030007
0 0.608402 0.342836 0.028507 0.028507
0 0.286197 0.378095 0.11928 0.027007
0 0.362341 0.377719 0.018005 0.024756
0 0.41823 0.376594 0.077269 0.025506
0 0.485746 0.376594 0.020255 0.025506
0 0.535634 0.376219 0.061515 0.024756
2 0.622656 0.374719 0.100525 0.030758
0 0.293323 0.441485 0.132033 0.029257
0 0.41973 0.437734 0.104276 0.030758
0 0.695049 0.430608 0.053263 0.025506
0 0.245686 0.471493 0.032258 0.026257
0 0.303076 0.470368 0.070518 0.027007
0 0.389347 0.468117 0.093023 0.028507
0 0.476369 0.465866 0.067517 0.028507
0 0.690173 0.46024 0.061515 0.024756
0 0.366092 0.499625 0.094524 0.028507
0 0.453113 0.496999 0.069017 0.027757
0 0.692423 0.488747 0.061515 0.026257
0 0.269317 0.503376 0.08102 0.030007
0 0.277194 0.533383 0.084771 0.028507
0 0.442236 0.528132 0.089272 0.028507
0 0.507127 0.525131 0.030008 0.027007
0 0.696174 0.517629 0.055514 0.027007
0 0.246437 0.564516 0.032258 0.026257
0 0.430608 0.55814 0.12003 0.028507
0 0.509002 0.555889 0.029257 0.027007
0 0.6988 0.548012 0.056264 0.027757
0 0.306452 0.563766 0.072768 0.024756
0 0.528882 0.614779 0.043511 0.026257
0 0.594149 0.612153 0.075019 0.030007
0 0.696174 0.607652 0.063016 0.027007
0 0.606527 0.642161 0.051763 0.027007
0 0.702176 0.637284 0.055514 0.026257
0 0.531508 0.676294 0.042761 0.027757
0 0.597149 0.672918 0.075019 0.028507
0 0.69955 0.667292 0.065266 0.026257
3 0.672543 0.70105 0.12078 0.029257
0 0.269317 0.722806 0.073518 0.032258
0 0.347712 0.71868 0.072768 0.031508
0 0.46174 0.711178 0.146287 0.036009
0 0.49925 0.884096 0.12078 0.04126
0 0.605026 0.889347 0.072768 0.036759
