1 0.309452 0.253188 0.032258 0.015754
1 0.352963 0.254689 0.051763 0.015754
1 0.391223 0.255064 0.021755 0.015004
0 0.31883 0.274194 0.046512 0.014254
0 0.312453 0.292948 0.036759 0.014254
0 0.339085 0.293698 0.015004 0.014254
0 0.369092 0.294074 0.04051 0.013503
0 0.313578 0.331958 0.04201 0.015754
0 0.382221 0.332333 0.060765 0.015004
0 0.313953 0.351463 0.042761 0.015754
0 0.380345 0.351838 0.052513 0.015004
0 0.426482 0.351838 0.036759 0.015004
0 0.46099 0.352213 0.030758 0.014254
0 0.487247 0.352588 0.020255 0.013503
0 0.32108 0.371343 0.057014 0.015004
0 0.373218 0.370968 0.03826 0.015754
0 0.320705 0.391598 0.057764 0.016504
0 0.371151 0.391971 0.031124 0.015749
0 0.322206 0.411853 0.060765 0.018005
3 0.372484 0.41295 0.032289 0.018698
0 0.315454 0.433608 0.051763 0.015004
0 0.363091 0.432858 0.022506 0.016504
0 0.317704 0.455739 0.053263 0.015754
0 0.388597 0.454614 0.073518 0.018004
0 0.304201 0.477869 0.021755 0.016504
0 0.393848 0.476369 0.07952 0.016504
0 0.310953 0.5 0.035259 0.015754
2 0.393169 0.5 0.068661 0.021
0 0.454239 0.496624 0.035259 0.018004
0 0.319955 0.52138 0.051763 0.015004
0 0.377344 0.519505 0.045011 0.015754
0 0.377719 0.560015 0.044261 0.012753
0 0.409977 0.55964 0.015754 0.013503
0 0.44111 0.560015 0.046512 0.014254
0 0.322581 0.577269 0.03901 0.014254
0 0.353338 0.577644 0.016504 0.012003
0 0.377344 0.578395 0.028507 0.012003
0 0.400225 0.580645 0.012753 0.009002
0 0.325581 0.591148 0.04051 0.012003
0 0.295949 0.946737 0.04126 0.015004
0 0.334959 0.946737 0.035259 0.016504
0 0.360465 0.947112 0.012753 0.014254
0 0.283571 0.963991 0.016504 0.015004
0 0.310578 0.963616 0.03901 0.014254
0 0.358215 0.963616 0.056264 0.015754
