0 0.34171 0.107652 0.107277 0.092273
0 0.550263 0.1009 0.099775 0.098275
0 0.332708 0.187547 0.033758 0.051013
0 0.474494 0.18192 0.222806 0.053263
1 0.37847 0.238185 0.134284 0.03826
1 0.527757 0.228432 0.146287 0.032258
1 0.360465 0.263691 0.050263 0.029257
1 0.414854 0.259565 0.058515 0.031508
1 0.514629 0.254314 0.129032 0.036009
1 0.413728 0.286572 0.032258 0.031508
1 0.475619 0.28132 0.076519 0.028507
1 0.344336 0.314704 0.075019 0.032258
0 0.442986 0.311703 0.111778 0.035259
0 0.437734 0.338335 0.032258 0.030008
0 0.271943 0.365341 0.075769 0.028507
0 0.416729 0.367217 0.197299 0.036759
0 0.645911 0.36009 0.078019 0.030008
0 0.228807 0.391223 0.052513 0.033758
0 0.325581 0.395349 0.114029 0.034509
0 0.414479 0.395724 0.042761 0.029257
0 0.479745 0.391973 0.074269 0.032258
0 0.62003 0.387847 0.189797 0.037509
0 0.232933 0.448237 0.149287 0.033758
0 0.375094 0.451238 0.115529 0.032258
0 0.191673 0.476744 0.063766 0.029257
0 0.271193 0.47937 0.072768 0.033008
0 0.355964 0.48087 0.077269 0.030007
0 0.416729 0.479745 0.032258 0.027757
2 0.534134 0.473368 0.11853 0.031508
0 0.668042 0.469993 0.123781 0.030758
0 0.184921 0.517629 0.045761 0.028507
0 0.270443 0.518755 0.110278 0.032258
0 0.525881 0.515379 0.061515 0.025506
0 0.692423 0.511628 0.075019 0.030008
0 0.184546 0.545386 0.016504 0.024006
0 0.262941 0.546512 0.090773 0.027757
0 0.348462 0.548012 0.060765 0.027757
0 0.417104 0.545761 0.057014 0.027757
0 0.527382 0.541635 0.061515 0.027007
0 0.685671 0.539385 0.064516 0.030007
0 0.181545 0.572768 0.015004 0.024756
0 0.24006 0.573518 0.049512 0.027757
0 0.332708 0.575019 0.117779 0.026257
0 0.528132 0.568267 0.063016 0.030758
0 0.688672 0.567517 0.066016 0.033758
0 0.394974 0.612528 0.072768 0.030758
0 0.496999 0.610653 0.11928 0.028507
3 0.646662 0.609902 0.066016 0.030008
0 0.715304 0.604276 0.051763 0.035259
0 0.412228 0.64066 0.059265 0.031508
0 0.477869 0.639535 0.051013 0.030758
0 0.557764 0.63916 0.095274 0.033008
0 0.648912 0.639535 0.069017 0.033758
0 0.717929 0.634284 0.054013 0.036759
0 0.257689 0.716054 0.077269 0.030758
0 0.32108 0.716804 0.030007 0.029257
0 0.383721 0.717554 0.07877 0.030758
0 0.490248 0.715304 0.114779 0.035259
0 0.57877 0.717179 0.021755 0.033008
0 0.654539 0.715304 0.113278 0.03826
0 0.303076 0.746812 0.073518 0.029257
0 0.403601 0.747937 0.108027 0.033008
0 0.477869 0.749812 0.022506 0.026257
0 0.524756 0.747562 0.051763 0.032258
0 0.57877 0.747937 0.033758 0.030008
0 0.635409 0.749062 0.052513 0.032258
0 0.273068 0.853713 0.075019 0.034509
0 0.354089 0.855964 0.063016 0.031508
0 0.447112 0.85934 0.102026 0.032258
0 0.537884 0.863841 0.064516 0.030758
0 0.62078 0.865341 0.075769 0.030758
0 0.284696 0.885596 0.050263 0.035259
0 0.345086 0.891598 0.049512 0.029257
0 0.473368 0.891973 0.105026 0.034509
0 0.596774 0.896099 0.122281 0.04126
0 0.454614 0.926107 0.04051 0.035259
0 0.348462 0.95949 0.113278 0.031508
0 0.43886 0.962116 0.037509 0.026257
